<?xml version="1.0"?>
<opencv_storage>
<calibration_time>"2024年12月10日 星期二 19时57分44秒"</calibration_time>
<nr_of_frames>10</nr_of_frames>
<image_width>640</image_width>
<image_height>480</image_height>
<board_width>11</board_width>
<board_height>7</board_height>
<square_size>30.</square_size>
<fix_aspect_ratio>1.</fix_aspect_ratio>
<!-- flags: +fix_aspectRatio +fix_principal_point +zero_tangent_dist +fix_k4 +fix_k5 -->
<flags>6158</flags>
<fisheye_model>0</fisheye_model>
<camera_matrix type_id="opencv-matrix">
  <rows>3</rows>
  <cols>3</cols>
  <dt>d</dt>
  <data>
    6.3629732668989357e+02 0. 320. 0. 6.3629732668989357e+02 240. 0. 0.
    1.</data></camera_matrix>
<distortion_coefficients type_id="opencv-matrix">
  <rows>5</rows>
  <cols>1</cols>
  <dt>d</dt>
  <data>
    4.6847959164459219e-02 -8.4386005268350384e-01 0. 0.
    8.6624038357245770e+00</data></distortion_coefficients>
<avg_reprojection_error>1.7175686081077102e-01</avg_reprojection_error>
<per_view_reprojection_errors type_id="opencv-matrix">
  <rows>10</rows>
  <cols>1</cols>
  <dt>f</dt>
  <data>
    1.70891792e-01 2.06766248e-01 2.06752911e-01 1.64176062e-01
    1.67413697e-01 1.46340713e-01 1.54145181e-01 1.63087860e-01
    1.64492339e-01 1.62752256e-01</data></per_view_reprojection_errors>
<!-- a set of 6-tuples (rotation vector + translation vector) for each view -->
<extrinsic_parameters type_id="opencv-matrix">
  <rows>10</rows>
  <cols>6</cols>
  <dt>d</dt>
  <data>
    1.6140180873464252e-01 6.6582007875386395e-01 3.0094862936857130e+00
    2.0996674632739257e+02 2.6723780321123460e+01 7.3446516296471384e+02
    1.6240629087318306e-01 6.6871063353828397e-01 3.0088922522462802e+00
    2.0981469914020522e+02 2.6142062728209641e+01 7.3482670049476963e+02
    1.6199536941240547e-01 6.6798631990062163e-01 3.0090124183365301e+00
    2.0983639901969025e+02 2.6242252750897649e+01 7.3493663118680809e+02
    1.6044064297106783e-01 6.6983985047744055e-01 3.0086500484843084e+00
    2.0985503205111326e+02 2.6425254099534840e+01 7.3458045226397144e+02
    1.6044030918044588e-01 6.6891226461632369e-01 3.0087736249751673e+00
    2.0988077337936357e+02 2.6469849862316003e+01 7.3469803025041881e+02
    1.6015925868030290e-01 6.6669881461767311e-01 3.0091788394158852e+00
    2.0995749914898332e+02 2.6582096151054447e+01 7.3460946339877319e+02
    1.6065444730170961e-01 6.6700488750519404e-01 3.0091741631897455e+00
    2.0994680195693783e+02 2.6602463328454601e+01 7.3463273805991378e+02
    1.6065453619496484e-01 6.6558199441319488e-01 3.0093464888767056e+00
    2.0996530513499820e+02 2.6635849748861734e+01 7.3474432501388230e+02
    1.6081940917592202e-01 6.6520505017275788e-01 3.0094637031376155e+00
    2.0997528629608254e+02 2.6682448683676640e+01 7.3475345754445186e+02
    1.6151247320510409e-01 6.6546677391209963e-01 3.0094725211541844e+00
    2.0997145718704812e+02 2.6696468665723721e+01 7.3451126536386516e+02</data></extrinsic_parameters>
<image_points type_id="opencv-matrix">
  <rows>10</rows>
  <cols>77</cols>
  <dt>"2f"</dt>
  <data>
    5.02418762e+02 2.63125763e+02 4.75829559e+02 2.65318817e+02
    4.49615204e+02 2.66969727e+02 4.23340454e+02 2.68644867e+02
    3.97494659e+02 2.70468445e+02 3.71940521e+02 2.72447815e+02
    3.46494476e+02 2.74375244e+02 3.21413544e+02 2.76257202e+02
    2.95988098e+02 2.77890228e+02 2.71156311e+02 2.79726501e+02
    2.46492874e+02 2.81751038e+02 4.98396576e+02 2.39578568e+02
    4.72363342e+02 2.41601227e+02 4.46466339e+02 2.43486740e+02
    4.20773132e+02 2.45056442e+02 3.95357117e+02 2.47217407e+02
    3.70362854e+02 2.49125946e+02 3.45267731e+02 2.51250641e+02
    3.20508514e+02 2.53135849e+02 2.95509247e+02 2.54649338e+02
    2.71251953e+02 2.56578644e+02 2.46632019e+02 2.58665924e+02
    4.94734528e+02 2.16973831e+02 4.68932434e+02 2.18814758e+02
    4.43618469e+02 2.20888107e+02 4.18380707e+02 2.22580978e+02
    3.93397461e+02 2.24597275e+02 3.68709198e+02 2.26643433e+02
    3.44294189e+02 2.28719986e+02 3.19517426e+02 2.30595108e+02
    2.95486267e+02 2.32286011e+02 2.71440216e+02 2.34125122e+02
    2.47437881e+02 2.36119171e+02 4.91250610e+02 1.94806992e+02
    4.65803436e+02 1.97073608e+02 4.40808777e+02 1.98777206e+02
    4.15899200e+02 2.00794510e+02 3.91398590e+02 2.02726669e+02
    3.67227509e+02 2.05028625e+02 3.42960571e+02 2.07051193e+02
    3.18985687e+02 2.09138016e+02 2.95089966e+02 2.10781921e+02
    2.71472778e+02 2.12692520e+02 2.47568085e+02 2.14618668e+02
    4.87526917e+02 1.73622787e+02 4.62605652e+02 1.75587051e+02
    4.38198273e+02 1.77622742e+02 4.13737396e+02 1.79554916e+02
    3.89479858e+02 1.81529602e+02 3.65783844e+02 1.83702866e+02
    3.41823730e+02 1.86048462e+02 3.18312927e+02 1.87840240e+02
    2.94588074e+02 1.89886368e+02 2.71502380e+02 1.91671738e+02
    2.48108475e+02 1.93627121e+02 4.84328186e+02 1.52746979e+02
    4.59776947e+02 1.55126480e+02 4.35545532e+02 1.57154526e+02
    4.11541840e+02 1.58985107e+02 3.87705627e+02 1.61295319e+02
    3.64361298e+02 1.63321625e+02 3.40791168e+02 1.65488785e+02
    3.17523865e+02 1.67483414e+02 2.94458435e+02 1.69545990e+02
    2.71506622e+02 1.71543488e+02 2.48498352e+02 1.73349075e+02
    4.81075867e+02 1.32725937e+02 4.56931671e+02 1.35070908e+02
    4.33171326e+02 1.37162659e+02 4.09469330e+02 1.39247314e+02
    3.85997406e+02 1.41390152e+02 3.62772461e+02 1.43515976e+02
    3.39614319e+02 1.45749054e+02 3.16673340e+02 1.47658600e+02
    2.94041107e+02 1.49667007e+02 2.71481384e+02 1.51791199e+02
    2.48663498e+02 1.53697525e+02 5.02088348e+02 2.62928558e+02
    4.75589508e+02 2.64566956e+02 4.49353821e+02 2.66560486e+02
    4.22895355e+02 2.67843201e+02 3.97490906e+02 2.70009521e+02
    3.71738800e+02 2.71851685e+02 3.46462708e+02 2.73978485e+02
    3.21095428e+02 2.75391876e+02 2.96001648e+02 2.77375916e+02
    2.70909668e+02 2.79105804e+02 2.46435043e+02 2.81238068e+02
    4.98169342e+02 2.38846420e+02 4.71937897e+02 2.41413635e+02
    4.46601410e+02 2.42824753e+02 4.20623962e+02 2.45001266e+02
    3.95361145e+02 2.46702148e+02 3.70264282e+02 2.48868713e+02
    3.45318481e+02 2.50737274e+02 3.20369690e+02 2.52686218e+02
    2.95597473e+02 2.54253098e+02 2.70985718e+02 2.56303131e+02
    2.46745132e+02 2.58340607e+02 4.94511810e+02 2.16501038e+02
    4.68706726e+02 2.18243973e+02 4.43459412e+02 2.20594391e+02
    4.18344025e+02 2.22146805e+02 3.93404114e+02 2.24351242e+02
    3.68571442e+02 2.26322647e+02 3.43859680e+02 2.28377975e+02
    3.19624023e+02 2.30164795e+02 2.95358917e+02 2.31981003e+02
    2.71174561e+02 2.33605484e+02 2.47245590e+02 2.35803864e+02
    4.90730682e+02 1.94346939e+02 4.65574768e+02 1.96567780e+02
    4.40571381e+02 1.98354523e+02 4.15778351e+02 2.00482300e+02
    3.91304230e+02 2.02249222e+02 3.67036285e+02 2.04612915e+02
    3.42972717e+02 2.06695679e+02 3.18811096e+02 2.08748322e+02
    2.94990936e+02 2.10589050e+02 2.71320221e+02 2.12392120e+02
    2.47694809e+02 2.14279816e+02 4.87398132e+02 1.73239822e+02
    4.62605957e+02 1.75123749e+02 4.37806641e+02 1.77477890e+02
    4.13656006e+02 1.79172058e+02 3.89550812e+02 1.81243393e+02
    3.65658417e+02 1.83393616e+02 3.41807373e+02 1.85624268e+02
    3.18155731e+02 1.87594498e+02 2.94634613e+02 1.89454681e+02
    2.71417206e+02 1.91378159e+02 2.48013824e+02 1.93285324e+02
    4.84315979e+02 1.52470657e+02 4.59531952e+02 1.54832062e+02
    4.35354126e+02 1.56692001e+02 4.11467163e+02 1.58609421e+02
    3.87706390e+02 1.60732925e+02 3.63816193e+02 1.63321106e+02
    3.40901520e+02 1.65265915e+02 3.17485229e+02 1.67124878e+02
    2.94392456e+02 1.69277649e+02 2.71417053e+02 1.71254486e+02
    2.48459473e+02 1.73247940e+02 4.80792145e+02 1.32623077e+02
    4.56680939e+02 1.34584183e+02 4.32921936e+02 1.37002777e+02
    4.09375214e+02 1.39074936e+02 3.85712860e+02 1.41357727e+02
    3.62757202e+02 1.43294586e+02 3.39693329e+02 1.45511765e+02
    3.16815125e+02 1.47375519e+02 2.94028412e+02 1.49439835e+02
    2.71558838e+02 1.51555588e+02 2.48673920e+02 1.53286438e+02
